1 1  0.81 0.58
1 1  0.815 0.52
1 1  0.82 0.56
1 0.975  0.8175 0.61
1 0.96  0.786 0.604
1 0.916667  0.773333 0.616667
1 0.928571  0.77 0.622857
1 0.9125  0.76625 0.635
1 0.911111  0.757778 0.633333
1 0.92  0.75 0.628
1 0.909091  0.752727 0.621818
1 0.908333  0.74 0.598333
1 0.9  0.73 0.583077
1 0.9  0.715 0.577143
1 0.893333  0.700667 0.569333
1 0.9  0.696875 0.5575
1 0.894118  0.691765 0.544706
1 0.9  0.684444 0.538889
0.994737 0.889474  0.681053 0.537895
0.995 0.89  0.6775 0.532
0.995238 0.880952  0.682381 0.52381
0.995455 0.877273  0.687273 0.518182
0.995652 0.878261  0.688261 0.517391
0.979167 0.8625  0.690833 0.515
0.976 0.86  0.6916 0.508
0.973077 0.861538  0.695385 0.514615
0.974074 0.866667  0.695185 0.520741
0.967857 0.871429  0.691429 0.521429
0.968966 0.858621  0.688621 0.522069
0.966667 0.856667  0.689667 0.517333
0.967742 0.851613  0.689032 0.510968
0.95 0.834375  0.685312 0.50375
0.939394 0.833333  0.68303 0.499394
0.938235 0.820588  0.675882 0.495882
0.94 0.822857  0.667429 0.493714
0.927778 0.816667  0.662222 0.488333
0.924324 0.810811  0.656486 0.483784
0.921053 0.797368  0.651842 0.477895
0.923077 0.779487  0.653077 0.474359
0.925 0.775  0.65175 0.4775
0.926829 0.765854  0.652683 0.479512
0.928571 0.761905  0.654048 0.484762
0.930233 0.755814  0.654186 0.488837
0.931818 0.745455  0.653864 0.493636
0.933333 0.735556  0.654 0.497333
0.934783 0.734783  0.657609 0.502609
0.931915 0.731915  0.659362 0.504255
0.933333 0.729167  0.657292 0.509167
0.930612 0.722449  0.657551 0.514286
0.93 0.718  0.655 0.52
0.923529 0.715686  0.656275 0.521569
0.923077 0.711538  0.657115 0.526154
0.920755 0.703774  0.659245 0.529057
0.922222 0.7  0.65963 0.531852
0.92 0.694545  0.661455 0.535273
0.921429 0.698214  0.66125 0.5375
0.922807 0.698246  0.662632 0.539649
0.924138 0.701724  0.664138 0.541724
0.925424 0.701695  0.66661 0.544407
0.925 0.705  0.669 0.545
0.921311 0.708197  0.670492 0.547541
0.922581 0.71129  0.669839 0.549677
0.92381 0.714286  0.670952 0.552063
0.923438 0.714063  0.671406 0.554688
0.924615 0.713846  0.672923 0.558462
0.925758 0.713636  0.674545 0.560909
0.926866 0.716418  0.67403 0.562687
0.927941 0.717647  0.673676 0.564706
0.928986 0.717391  0.675362 0.564928
0.928571 0.71  0.675857 0.563143
0.929577 0.711268  0.674648 0.560845
0.929167 0.713889  0.672083 0.559722
0.928767 0.716438  0.670685 0.559452
0.927027 0.714865  0.668649 0.561892
0.926667 0.712  0.6664 0.564533
0.927632 0.713158  0.666316 0.563947
0.925974 0.712987  0.666623 0.563896
0.925641 0.711538  0.666923 0.559487
0.922785 0.711392  0.666582 0.555949
0.92 0.7125  0.666875 0.55125
0.920988 0.709877  0.668025 0.549136
0.921951 0.712195  0.669024 0.549512
0.922892 0.714458  0.669518 0.547711
0.92381 0.717857  0.67131 0.544762
0.924706 0.717647  0.672471 0.543294
0.925581 0.72093  0.673256 0.54093
0.926437 0.721839  0.673103 0.53931
0.927273 0.718182  0.673182 0.538409
0.924719 0.720225  0.672809 0.537753
0.924444 0.721111  0.672778 0.534889
0.921978 0.724176  0.672637 0.533187
0.919565 0.726087  0.672717 0.535
0.92043 0.726882  0.672366 0.537204
0.920213 0.725532  0.673298 0.537447
0.92 0.728421  0.674316 0.538316
0.920833 0.73125  0.674479 0.540625
0.921649 0.734021  0.675361 0.540825
0.922449 0.736735  0.675918 0.542041
0.923232 0.739394  0.675556 0.543636
0.924 0.738  0.6758 0.5448
