2.47965 3.95405 1.12679 1.27651 -15.816
3.16327 11.1305 1.66452 1.26365 -18.0035
1.5781 4.80335 1.09623 1.6407 -14.0227
0.535651 8.29978 0.974721 31.9098 -11.6022
0.283559 44.7283 0.882679 5.11172 -9.67329
0.96088 14.8675 0.998068 3.09581 -10.367
0.733012 31.5847 1.53627 8.57194 -10.8227
0.188465 128.836 1.81485 2.3684 -12.0442
0.283187 878.852 1.47732 3.28872 -11.6506
0.362853 792.148 0.854422 0.527277 -10.5056
0.116522 298.77 1.13031 0.27168 -10.8091
0.170939 85.5005 1.71703 0.113627 -10.1538
0.0144297 113.591 1.74081 0.118926 -13.2867
0.0545069 135.136 1.8548 0.118538 -8.81201
0.0378357 209.79 1.51245 0.261963 -10.8951
0.00795856 27.7015 0.500032 0.374547 -9.20189
0.0399643 136.528 1.72404 0.258161 -10.2965
0.0238302 170.172 0.478838 0.118448 -12.8683
0.0765482 963.444 0.465063 0.456831 -9.27649
0.130412 48.5941 1.03806 0.0922962 -10.5211
0.303454 233.96 0.801708 0.0196265 -13.1669
0.129228 124.675 1.72857 0.244673 -9.31645
0.222243 1337.01 1.90446 1.79139 -10.0444
0.605182 2680.29 1.7993 0.767536 -11.0947
0.159903 773.81 1.67986 0.301754 -12.3366
0.205416 2362.73 1.11652 0.784318 -10.7811
0.222063 982.079 1.15648 0.679732 -11.6797
0.102053 1391.11 1.13238 0.127397 -8.79407
0.141605 650.238 0.39193 0.122646 -13.9396
0.190477 2437.35 0.310137 0.0291261 -10.5087
0.207187 11197.2 1.08071 0.0257964 -13.3936
0.0327214 5829.47 1.91514 0.198453 -10.3232
0.0241829 6649.53 0.675985 0.146123 -8.65103
0.0365335 15127.1 0.281914 0.136814 -8.96451
0.0131411 9893.5 1.7501 0.112835 -9.50532
0.0253457 15918.6 1.66746 0.315668 -9.94443
0.0256071 3706.32 1.05197 0.148243 -10.0306
0.127527 11812.2 0.136573 0.0685469 -12.9165
0.167128 15722.1 0.15958 0.625163 -10.3225
0.0756522 1055.06 0.613597 7.06137 -9.24732
0.0962769 500.047 0.228443 2.9359 -9.16497
0.0787125 4366.37 0.102289 206.644 -10.9872
0.092345 12076.4 0.118073 923.101 -10.0891
0.458234 7065.98 0.239114 683.063 -10.2369
1.05516 16274.5 0.710549 192.723 -13.4916
0.57267 5588.75 1.61357 135.935 -15.2018
0.121025 18570.7 1.59301 31.4722 -17.9256
0.105882 21447.3 0.193982 2.21372 -10.5175
0.0670366 45821.8 0.597897 76.8338 -11.1418
0.0197846 4058.8 0.913415 165.658 -10.9217
0.203278 4954.71 0.256496 9.59413 -11.2717
0.463669 14114.6 0.244473 79.5078 -10.9288
0.317683 20887.2 0.484793 184.298 -16.3599
0.108491 60913.1 0.780173 46.6914 -17.8509
0.148281 17252.2 0.479304 549.513 -10.2918
0.187564 3201.35 1.35378 347.075 -11.2498
0.359743 1845.36 1.85905 128.69 -9.31951
0.680507 360.864 1.74082 78.0275 -10.27
0.713644 3525.47 1.93051 126.311 -12.6709
0.156345 4361.63 1.75193 0.760317 -11.0507
0.0820497 2714.27 1.08448 9.57826 -10.354
0.409759 261.785 1.15003 1.10503 -12.2432
0.251667 130.262 0.785757 13.9693 -10.0771
0.140419 84.1618 0.464512 5.58992 -10.137
0.120414 49.8362 0.322879 8.05734 -8.76207
0.053593 43.6749 0.902857 5.10632 -9.55694
0.34446 232.382 1.64811 28.5459 -8.99934
0.105883 157.833 0.960981 1.12388 -12.3601
0.161173 387.454 0.533651 0.314857 -11.5409
0.0331187 331.18 0.132219 0.0992964 -9.64872
0.037038 298.481 1.60703 0.333663 -9.48426
0.0231973 1297.18 1.71257 0.23674 -12.8503
0.0965467 2313.62 0.871613 1.65408 -9.48908
0.100881 2996.6 1.56481 3.49472 -13.0597
0.100188 7420.83 0.709508 0.337953 -11.0948
0.493814 7986.21 0.267591 1.17686 -11.5762
0.102497 12537.9 0.14102 0.187391 -10.4155
0.176633 14132.5 0.27057 0.0428087 -12.004
0.116113 3283.54 1.14887 0.0884628 -11.9087
0.156359 1226.49 1.81192 0.122073 -9.94486
0.153106 156.393 1.68149 0.273136 -12.5582
0.346091 221.327 0.980917 0.211238 -12.3415
0.39313 47.4714 1.06471 0.181772 -8.97819
0.231274 89.9026 1.18567 0.142076 -10.4156
0.125491 104.348 1.26237 0.203439 -10.5952
0.177713 74.3124 0.871188 0.0800525 -12.3069
0.032288 4.67199 0.191571 0.245219 -11.4334
0.12243 1.98005 0.758361 0.101193 -11.3775
0.0521422 1.16096 0.361142 0.297494 -8.52376
0.0515447 1.6102 1.62558 0.0238699 -8.70533
0.0471664 1.20669 0.796865 0.284518 -9.81833
0.0435072 1.19146 1.63657 3.21477 -9.42006
0.0881993 15.3395 0.961467 4.83992 -11.3908
0.149146 1.48205 0.333546 3.66882 -8.72431
0.143951 6.68205 0.940489 3.24092 -12.7993
0.148189 55.1427 1.08062 1.09546 -14.3388
0.244108 109.623 1.04091 1.24048 -13.04
0.126797 695.898 0.52296 35.9331 -10.3414
0.157879 265.195 1.77701 302.82 -8.80134
0.0917611 50.025 1.3931 143.892 -9.50717
0.249846 28.3021 1.51568 7.63584 -10.3049
0.179703 36.1545 1.81137 15.5883 -9.1924
0.119793 51.3342 1.93612 4.43305 -9.66064
0.0260273 126.442 0.592611 0.977123 -11.2675
0.0421087 91.7402 1.55553 0.386657 -8.60064
0.104288 181.556 0.48851 0.760502 -8.99738
0.0646613 25.1618 1.5662 0.445306 -8.43456
0.075962 2.87623 1.51342 14.21 -9.83798
0.228142 3.87391 1.46151 3.21486 -11.2464
0.239912 11.6575 0.255093 2.8 -10.1771
0.388515 24.4785 1.06934 4.6221 -11.5472
0.106712 3.85522 1.22628 3.80748 -10.523
0.397553 7.94139 0.462582 107.071 -12.2691
1.52773 12.233 1.28013 3.8436 -11.091
0.592871 7.49436 0.629322 15.5399 -10.8135
0.779166 9.67829 1.39951 22.0003 -9.31305
0.572296 8.61215 1.51462 8.91149 -10.6008
0.885625 19.4499 0.286322 13.9322 -12.5876
2.39465 7.09532 0.5616 4.23875 -11.8497
2.61803 17.6153 0.111313 6.96827 -13.7529
0.427005 20.0791 1.20556 2.76474 -12.9342
0.254241 62.0095 0.228936 7.75827 -10.4237
0.339203 14.1475 0.581669 30.6767 -10.806
0.250485 138.215 0.49626 71.9626 -12.5898
0.152052 369.855 1.66652 116.753 -8.5347
0.368721 2297.67 0.942939 119.033 -11.3634
0.0939144 1476.94 0.684658 652.84 -9.34461
0.0376821 2774.18 1.0532 19.0318 -10.1966
0.0948988 4992.81 0.633412 758.543 -8.99831
0.0457159 1257.71 0.113803 37.5184 -9.54624
0.117329 3026.73 0.600054 11.796 -10.0306
0.0393404 730.779 1.68327 49.6156 -11.8466
0.0324168 157.072 1.00409 21.8228 -12.298
0.0255109 88.8349 0.564594 164.882 -10.6605
0.070198 171.771 1.24988 435.872 -9.80713
0.0404375 81.5 1.57966 97.7077 -12.6824
0.0257509 27.2282 0.555786 7.69928 -10.151
0.117531 6.74395 1.88735 69.5428 -12.2157
0.216601 35.1105 1.43061 3.78965 -9.5923
0.195495 70.8599 1.70575 2.69886 -8.8433
0.362466 38.3711 1.92375 0.676579 -14.5775
0.667524 3.90875 1.11854 0.126249 -11.8121
0.164539 10.4972 1.26111 0.0470598 -10.3555
0.79451 2.62998 1.41708 0.0935894 -11.2722
0.624703 1.05487 1.23441 0.0308481 -12.3069
1.08105 1.27117 1.20483 0.357213 -13.5503
2.95576 3.38523 0.864059 12.2048 -14.8214
1.85331 2.62809 0.238064 81.5537 -13.4586
1.35897 2.4822 0.424016 25.8808 -10.6987
0.821587 5.2514 0.246718 17.1335 -11.4067
0.360657 5.01848 1.69402 11.9274 -10.0707
0.212682 16.0509 1.42303 0.127179 -9.68761
0.638898 5.7734 1.53515 0.548103 -10.1959
0.385641 8.48093 1.32709 1.45101 -10.6019
0.280025 9.94322 0.196559 1.65751 -10.5658
0.269945 22.0265 0.810914 1.12953 -9.60713
0.158627 10.1919 1.0021 9.29299 -9.7695
0.190059 115.257 1.75525 0.955487 -10.9239
0.0877766 37.995 1.20089 1.17489 -8.69912
0.145433 102.667 0.619597 0.400538 -13.4236
0.324401 59.3192 0.145456 0.755078 -12.1532
1.58108 5.53817 1.24952 0.653358 -14.5366
1.15396 1.28692 0.621141 6.06502 -12.4875
0.207293 2.38163 0.960338 1.55743 -9.69364
0.292788 1.72723 0.885856 1.1735 -12.6267
0.231101 3.64548 1.50893 15.4343 -9.15567
0.142839 3.99041 0.240451 9.77782 -8.59529
0.429971 2.54173 1.18602 12.2901 -9.55225
0.654247 1.0786 0.425945 2.35405 -10.2464
0.110822 1.00709 1.91421 18.3942 -11.528
0.919358 1.60912 1.61036 97.9416 -10.2965
0.245179 16.7326 0.93321 687.677 -13.2608
0.293418 12.675 1.28661 118.711 -11.9953
0.165647 10.1547 1.1784 84.8112 -9.57135
0.241356 12.0355 1.8867 136.59 -12.8383
0.860371 5.63505 1.62887 184.301 -11.841
0.313114 2.19798 1.73277 7.25931 -11.4134
1.3268 3.84364 1.73147 1483.59 -12.2583
0.278102 1.30804 1.87372 53.9089 -12.3613
2.21213 7.11336 1.66108 71.6793 -10.7183
0.816198 17.1634 0.832559 462.743 -13.156
0.534841 8.16594 1.49526 11.8666 -10.5377
0.642654 13.8244 1.64762 4.06743 -9.68185
0.418295 159.841 1.03446 5.08933 -10.2401
0.212337 120.356 1.30851 2.24824 -9.38017
1.16149 58.7857 0.651459 2.77288 -10.849
7.85584 83.9094 1.55585 1.07154 -15.694
10.6186 516.532 1.88664 2.00225 -17.1969
30.6736 1907.81 0.131623 10.7644 -17.7926
38.0437 2669.23 0.216993 166.539 -19.6932
186.023 1079.5 1.00676 3.41942 -19.0269
488.666 7266.85 1.46415 12.7098 -19.2304
191.373 10295.9 1.66948 323.577 -20.831
48.2632 3008.99 0.30021 88.2701 -20.5173
192.292 2163.55 0.736138 6.67857 -19.2542
175.801 762.356 1.07566 16.6344 -18.9453
237.288 404.431 1.07754 100.215 -20.181
171.438 1259.77 0.701011 33.5305 -19.0133
255.286 2273.33 1.57678 21.8766 -19.151
56.7712 715.936 1.72027 19.2854 -18.191
