Warning: these results not produced via the -A option, so not cross-validated
Id  #Genotypes Location Assigned Seattle NewYork 
Ind1 2 1 1 -2.456256e+00 -4.735606e+00 
Ind2 2 1 1 -2.740658e+00 -6.355043e+00 
Ind3 2 1 1 -1.328950e+00 -5.418445e+00 
Ind4 1 2 2 -2.664643e+00 -2.034688e+00 
Ind5 2 2 2 -5.794227e+00 -1.102365e+00 
Ind6 2 2 2 -5.794227e+00 -1.102365e+00 
Ind7 2 -1 2 -5.794227e+00 -1.102365e+00 
0 0 -1.699927e+00 -4.135490e+00 
0 0 -1.966810e+00 -6.427302e+00 
0 0 -1.442456e+00 -6.332702e+00 
1 1 -1.769237e+00 -1.179942e+00 
0 1 -6.690685e+00 -1.224298e+00 
0 1 -6.690685e+00 -1.224298e+00 
0 -1 -6.690685e+00 -1.224298e+00 
